1,20130420,1600,4129,2,18,2,4,0
1,20130420,1330,4130,17,0,6,1,0
2,20130420,1330,4158,29,6,0,3,0
2,20130421,1600,4151,29,6,2,3,0
2,20130421,1600,4152,3,25,4,2,0
2,20130421,1600,4153,10,16,1,0,0
2,20130421,1600,4155,24,28,0,0,0
2,20130421,1600,4156,30,23,1,1,0
2,20130421,1600,4157,20,8,2,0,0
2,20130421,1330,4161,22,9,2,2,0
2,20130424,1600,4154,22,9,1,1,0
1,20130426,1900,4137,0,15,3,1,0
1,20130427,1600,4138,21,19,1,5,0
1,20130427,1600,4139,27,1,0,1,0
1,20130427,1600,4140,18,14,4,0,0
1,20130427,1600,4141,5,4,9,2,0
1,20130427,1600,4142,7,2,3,1,0
1,20130427,1600,4143,12,17,1,2,0
2,20130428,1600,4165,16,20,1,1,0
2,20130428,1600,4166,6,10,1,3,0
2,20130428,1600,4167,8,25,2,2,0
2,20130428,1600,4168,9,24,1,1,0
2,20130428,1600,4169,3,30,3,3,0
2,20130428,1600,4170,28,29,4,0,0
2,20130428,1600,4171,23,22,3,0,0
1,20130928,1530,4374,1,19,2,1,0
1,20130928,1530,4375,28,27,0,0,0
1,20130928,1530,4376,23,21,3,2,0
1,20130928,1530,4377,5,7,4,3,0
2,20130928,1530,4403,25,9,0,0,0
2,20130928,1530,4405,26,31,0,0,0
2,20130928,1530,4409,18,32,1,1,0
1,20130929,1530,4378,15,17,1,4,0
1,20130929,1530,4379,4,24,2,1,0
1,20130929,1530,4380,0,12,2,1,0
2,20130929,1530,4404,16,2,5,2,0
2,20130929,1530,4406,6,22,2,1,0
2,20130929,1530,4407,10,14,0,2,0
2,20130929,1530,4408,20,30,0,1,0
1,20131005,1530,4389,21,7,0,0,0
1,20131005,1530,4390,12,23,2,1,0
1,20131005,1530,4391,19,15,1,1,0
1,20131005,1530,4392,1,5,5,2,0
2,20131005,1530,4417,32,31,0,1,0
2,20131005,1530,4419,14,16,0,1,0
2,20131005,1530,4420,22,10,0,3,0
2,20131005,1530,4421,9,6,3,1,0
1,20131006,1530,4393,27,0,0,0,0
1,20131006,1530,4394,24,28,1,1,0
1,20131006,1530,4395,17,4,1,1,0
2,20131006,1530,4418,2,20,1,1,0
2,20131006,1530,4422,30,18,4,3,0
2,20131006,1530,4423,25,26,0,0,0
1,20131012,1530,4431,4,19,2,2,0
1,20131012,1530,4432,0,24,3,2,0
1,20131012,1530,4434,15,1,1,0,0
2,20131012,1530,4459,6,25,2,0,0
2,20131012,1530,4460,20,14,5,2,0
1,20131013,1530,4433,7,12,2,0,0
1,20131013,1530,4435,28,17,2,4,0
1,20131013,1530,4436,23,27,2,0,0
1,20131013,1530,4437,5,21,1,1,0
2,20131013,1530,4461,31,30,2,5,0
2,20131013,1530,4462,10,9,2,2,0
2,20131013,1530,4463,16,22,3,1,0
2,20131013,1530,4464,18,2,2,0,0
2,20131013,1530,4465,26,32,1,0,0
1,20131018,1800,4445,17,0,1,0,0
1,20131019,1530,4446,24,23,1,0,0
1,20131019,1530,4447,19,28,3,1,0
1,20131019,1530,4448,1,4,2,0,0
1,20131019,1530,4449,15,5,3,1,0
2,20131019,1530,4473,30,32,0,1,0
2,20131019,1530,4474,2,31,1,0,0
2,20131019,1530,4475,14,18,1,1,0
2,20131019,1530,4476,25,10,2,0,0
1,20131020,1530,4450,12,21,1,2,0
1,20131020,1530,4451,27,7,0,2,0
2,20131020,1530,4477,22,20,0,0,0
2,20131020,1530,4478,9,16,0,1,0
2,20131020,1530,4479,6,26,3,1,0
1,20131026,1430,4544,7,24,0,3,0
1,20131026,1430,4545,21,27,1,2,0
1,20131026,1430,4546,4,15,2,2,0
1,20131026,1430,4547,23,17,3,2,0
2,20131026,1430,4600,10,6,1,2,0
2,20131026,1430,4601,16,25,3,0,0
2,20131026,1430,4602,18,22,0,1,0
2,20131026,1430,4603,31,14,1,0,0
1,20131027,1430,4548,28,1,0,8,0
1,20131027,1430,4549,0,19,1,1,0
1,20131027,1430,4550,5,12,3,2,0
2,20131027,1430,4604,32,2,1,1,0
2,20131027,1430,4605,20,9,2,1,0
2,20131027,1430,4606,26,30,3,3,0
1,20131102,1430,4558,27,12,4,0,0
1,20131102,1430,4559,17,7,2,0,0
1,20131102,1430,4560,19,23,0,1,0
1,20131102,1430,4561,4,5,1,1,0
2,20131102,1430,4614,2,30,4,0,0
2,20131102,1430,4615,22,31,1,1,0
2,20131102,1430,4616,9,18,1,2,0
2,20131102,1430,4617,10,26,1,0,0
1,20131103,1430,4562,1,0,2,0,0
1,20131103,1430,4563,24,21,1,2,0
1,20131103,1430,4564,15,28,2,0,0
2,20131103,1430,4618,14,32,0,0,0
2,20131103,1430,4619,25,20,1,3,0
2,20131103,1430,4620,6,16,1,2,0
1,20131109,1430,4572,21,17,0,4,0
1,20131109,1430,4573,0,15,2,4,0
1,20131109,1430,4574,5,27,0,0,0
1,20131109,1430,4575,23,1,0,2,0
2,20131109,1430,4628,32,22,1,0,0
2,20131109,1430,4629,16,10,3,0,0
2,20131109,1430,4630,20,6,0,0,0
2,20131109,1430,4631,26,2,1,2,0
1,20131110,1430,4576,7,19,0,0,0
1,20131110,1430,4577,12,24,3,5,0
1,20131110,1430,4578,28,4,1,3,0
2,20131110,1430,4632,31,9,1,1,0
2,20131110,1430,4633,30,14,2,1,0
2,20131110,1430,4634,18,25,2,0,0
1,20131116,1430,4586,24,27,2,2,0
1,20131116,1430,4587,17,12,6,0,0
1,20131116,1430,4588,19,21,3,2,0
1,20131116,1430,4589,28,5,3,6,0
2,20131116,1430,4642,9,32,3,3,0
2,20131116,1430,4643,22,30,0,1,0
2,20131116,1430,4644,16,26,4,3,0
1,20131117,1430,4590,1,7,2,0,0
1,20131117,1430,4591,15,23,4,0,0
1,20131117,1430,4592,4,0,1,2,0
2,20131117,1430,4645,14,2,0,0,0
2,20131117,1430,4646,25,31,2,2,0
2,20131117,1430,4647,6,18,2,1,0
2,20131117,1430,4648,10,20,2,6,0
1,20131123,1400,4712,7,15,1,0,0
1,20131123,1400,4713,21,1,1,1,0
1,20131123,1400,4714,27,17,1,2,0
1,20131123,1400,4715,0,28,1,1,0
2,20131123,1400,4740,31,6,0,1,0
2,20131123,1400,4741,32,25,3,1,0
2,20131123,1400,4742,30,9,1,3,0
2,20131123,1400,4743,2,22,4,0,0
1,20131124,1400,4716,12,19,0,4,0
1,20131124,1400,4717,23,4,2,0,0
1,20131124,1400,4718,5,24,3,1,0
2,20131124,1400,4744,20,16,0,2,0
2,20131124,1400,4745,18,10,2,0,0
2,20131124,1400,4746,26,14,0,2,0
1,20131130,1400,4726,17,24,5,0,0
1,20131130,1400,4727,19,27,1,1,0
1,20131130,1400,4728,15,21,0,0,0
1,20131130,1400,4729,28,23,1,2,0
2,20131130,1400,4754,22,14,0,3,0
2,20131130,1400,4755,9,2,1,0,0
2,20131130,1400,4756,20,26,0,1,0
1,20131201,1400,4730,1,12,4,0,0
1,20131201,1400,4731,4,7,1,2,0
1,20131201,1400,4732,0,5,0,1,0
2,20131201,1400,4757,25,30,2,1,0
2,20131201,1400,4758,6,32,0,0,0
2,20131201,1400,4759,10,31,0,4,0
2,20131201,1400,4760,16,18,5,0,0
1,20131207,1400,4796,7,28,1,2,0
1,20131207,1400,4797,12,15,1,8,0
1,20131207,1400,4798,24,19,2,3,0
1,20131207,1400,4799,23,0,0,1,0
2,20131207,1400,4838,31,16,2,1,0
2,20131207,1400,4839,14,9,1,2,0
2,20131207,1400,4840,18,20,2,3,0
2,20131207,1400,4841,32,10,2,0,0
1,20131208,1400,4800,21,4,2,0,0
1,20131208,1400,4801,27,1,1,2,0
1,20131208,1400,4802,5,17,1,2,0
2,20131208,1400,4842,30,6,2,0,0
2,20131208,1400,4843,2,25,1,0,0
2,20131208,1400,4844,26,22,0,2,0
1,20131214,1400,4810,19,17,0,4,0
1,20131214,1400,4811,15,27,5,1,0
1,20131214,1400,4812,4,12,6,1,0
1,20131214,1400,4813,0,7,1,2,0
2,20131214,1400,4851,10,30,0,4,0
2,20131214,1400,4852,16,32,4,1,0
2,20131214,1400,4853,18,26,0,1,0
2,20131214,1400,4855,25,14,4,1,0
1,20131215,1400,4814,1,24,4,1,0
1,20131215,1400,4815,28,21,0,4,0
1,20131215,1400,4816,23,5,0,1,0
2,20131215,1400,4854,9,22,2,1,0
2,20131215,1400,4856,6,2,1,2,0
1,20131220,1800,4824,17,1,1,0,0
1,20131221,1400,4825,12,28,1,3,0
1,20131221,1400,4826,27,4,2,4,0
1,20131221,1400,4827,24,15,0,2,0
2,20131221,1400,4865,14,6,1,1,0
2,20131221,1400,4866,22,25,2,1,0
2,20131221,1400,4867,26,9,1,1,0
2,20131221,1400,4868,31,18,0,2,0
1,20131222,1400,4828,7,23,4,0,0
1,20131222,1400,4829,21,0,0,1,0
1,20131222,1400,4830,5,19,2,0,0
2,20131222,1400,4869,32,20,1,1,0
2,20131222,1400,4870,30,16,0,3,0
2,20131222,1400,4871,2,10,1,2,0
2,20131225,1400,4857,20,31,0,2,0
1,20140125,1400,4980,7,5,0,3,0
1,20140125,1400,4981,12,0,0,4,0
1,20140125,1400,4982,19,1,0,3,0
1,20140125,1400,4983,21,23,4,2,0
2,20140125,1400,5036,2,16,2,1,0
2,20140125,1400,5037,9,25,0,2,0
2,20140125,1400,5038,22,6,3,0,1
2,20140125,1400,5039,31,26,1,1,0
1,20140126,1400,4984,24,4,0,1,0
1,20140126,1400,4985,27,28,1,1,0
1,20140126,1400,5007,17,15,0,2,0
2,20140126,1400,5040,14,10,0,0,0
2,20140126,1400,5041,32,18,1,1,0
2,20140126,1400,5042,30,20,0,1,0
1,20140201,1400,4993,4,17,0,6,0
1,20140201,1400,4994,15,19,1,0,0
1,20140201,1400,4995,23,12,4,0,0
1,20140201,1400,4996,0,27,2,0,0
2,20140201,1400,5051,20,2,0,1,0
2,20140201,1400,5052,10,22,0,0,0
2,20140201,1400,5053,18,30,5,0,0
1,20140202,1400,4997,28,24,0,1,0
1,20140202,1400,4998,7,21,1,4,0
1,20140202,1400,4999,5,1,2,1,0
2,20140202,1400,5050,16,14,2,2,0
2,20140202,1400,5054,26,25,0,0,0
2,20140202,1400,5055,6,9,3,2,0
2,20140202,1400,5056,31,32,3,2,0
1,20140208,1400,5008,12,7,1,2,0
1,20140208,1400,5010,27,23,2,0,0
1,20140208,1400,5011,1,15,3,3,0
2,20140208,1400,5064,22,16,2,2,0
2,20140208,1400,5065,25,6,3,1,0
2,20140208,1400,5066,9,10,1,0,0
2,20140208,1400,5067,32,26,0,0,0
1,20140209,1400,5009,24,0,0,3,0
1,20140209,1400,5012,21,5,3,0,0
1,20140209,1400,5013,19,4,3,2,0
1,20140209,1400,5014,17,28,4,0,0
2,20140209,1400,5068,2,18,2,0,0
2,20140209,1400,5069,14,20,6,1,0
2,20140209,1400,5070,30,31,2,1,0
1,20140215,1400,5022,0,17,0,0,0
1,20140215,1400,5023,23,24,1,0,0
1,20140215,1400,5024,28,19,2,1,0
1,20140215,1400,5028,5,15,1,1,0
2,20140215,1400,5078,18,14,1,1,0
2,20140215,1400,5079,10,25,0,2,0
2,20140215,1400,5080,26,6,2,2,0
2,20140215,1400,5081,31,2,1,2,0
2,20140215,1400,5082,20,22,3,1,0
2,20140215,1400,5083,32,30,3,2,0
1,20140216,1400,5025,4,1,2,3,0
1,20140216,1400,5026,21,12,1,1,0
1,20140216,1400,5027,7,27,1,2,0
2,20140216,1400,5084,16,9,2,0,0
1,20140222,1430,5232,12,5,1,3,0
1,20140222,1430,5233,19,0,0,1,0
1,20140222,1430,5234,15,4,1,0,0
1,20140222,1430,5235,1,28,5,2,0
2,20140222,1430,5274,25,16,1,1,0
2,20140222,1430,5275,22,18,3,0,0
2,20140222,1430,5276,2,32,1,0,0
1,20140223,1430,5236,24,7,0,2,0
1,20140223,1430,5237,27,21,2,1,0
1,20140223,1430,5238,17,23,4,0,0
2,20140223,1430,5277,6,10,1,1,0
2,20140223,1430,5278,30,26,3,0,0
2,20140223,1430,5279,9,20,1,0,0
2,20140223,1430,5280,14,31,3,1,0
1,20140301,1430,5246,23,19,1,2,0
1,20140301,1430,5247,12,27,1,3,0
1,20140301,1430,5248,21,24,1,0,0
2,20140301,1430,5288,31,22,1,0,0
2,20140301,1430,5289,18,9,1,0,0
2,20140301,1430,5290,30,2,3,1,0
2,20140301,1430,5291,32,14,0,6,0
1,20140302,1430,5249,28,15,0,0,0
1,20140302,1430,5250,5,4,2,4,0
1,20140302,1430,5251,0,1,2,1,0
1,20140302,1430,5252,7,17,1,2,0
2,20140302,1430,5292,26,10,0,1,0
2,20140302,1430,5293,20,25,2,2,0
2,20140302,1430,5294,16,6,3,2,0
1,20140308,1430,5260,19,7,1,0,0
1,20140308,1430,5261,15,0,3,1,0
1,20140308,1430,5262,4,28,1,0,0
1,20140308,1430,5263,1,23,1,0,0
1,20140308,1430,5266,24,12,1,0,0
2,20140308,1430,5302,10,16,1,5,0
2,20140308,1430,5303,9,31,3,2,0
2,20140308,1430,5304,6,20,3,3,0
2,20140308,1430,5305,14,30,4,2,0
1,20140309,1430,5264,17,21,7,0,0
1,20140309,1430,5265,27,5,1,0,0
2,20140309,1430,5306,2,26,0,1,0
2,20140309,1430,5307,22,32,1,1,0
2,20140309,1430,5308,25,18,1,0,0
1,20140315,1500,5402,12,17,1,5,0
1,20140315,1500,5403,27,24,6,2,0
1,20140315,1500,5404,5,28,4,1,0
1,20140315,1500,5405,23,15,1,0,0
2,20140315,1500,5444,2,14,1,0,0
2,20140315,1500,5445,31,25,2,4,0
2,20140315,1500,5446,18,6,3,0,0
2,20140315,1500,5447,20,10,0,0,0
1,20140316,1500,5406,7,1,1,5,0
1,20140316,1500,5407,0,4,2,2,0
1,20140316,1500,5408,21,19,0,4,0
2,20140316,1500,5448,26,16,1,2,0
2,20140316,1500,5449,32,9,1,0,0
2,20140316,1500,5450,30,22,7,1,0
1,20140322,1500,5416,4,23,2,0,0
1,20140322,1500,5417,19,12,7,0,0
1,20140322,1500,5419,15,7,3,0,0
1,20140322,1500,5420,17,27,0,0,0
2,20140322,1500,5458,22,2,2,3,0
2,20140322,1500,5459,14,26,1,0,0
2,20140322,1500,5460,9,30,1,2,0
2,20140322,1500,5461,6,31,1,0,0
1,20140323,1500,5418,1,21,11,1,0
1,20140323,1500,5421,28,0,0,1,0
1,20140323,1500,5422,24,5,1,1,0
2,20140323,1500,5462,10,18,1,0,0
2,20140323,1500,5463,16,20,1,2,0
2,20140323,1500,5464,25,32,1,0,0
1,20140329,1500,5431,5,0,0,1,0
1,20140329,1500,5433,21,15,1,2,0
1,20140329,1500,5434,7,4,4,1,0
2,20140329,1500,5472,26,20,5,0,0
2,20140329,1500,5473,32,6,4,0,0
2,20140329,1500,5474,30,25,1,2,0
1,20140330,1500,5430,24,17,0,3,0
1,20140330,1500,5432,27,19,1,1,0
1,20140330,1500,5435,12,1,1,5,0
1,20140330,1500,5436,23,28,4,1,0
2,20140330,1500,5475,2,9,1,0,0
2,20140330,1500,5476,14,22,4,1,0
2,20140330,1500,5477,31,10,3,0,0
2,20140330,1500,5478,18,16,1,0,0
1,20140405,1600,5655,28,7,1,2,0
1,20140405,1600,5656,17,5,5,2,0
1,20140405,1600,5657,19,24,3,1,0
1,20140405,1600,5658,4,21,0,0,0
1,20140405,1600,5659,15,12,9,1,0
1,20140405,1600,5660,0,23,2,4,0
1,20140405,1600,5661,1,27,5,0,0
2,20140405,1600,5683,9,14,0,7,0
2,20140405,1600,5684,25,2,1,0,0
2,20140405,1600,5687,6,30,2,2,0
2,20140405,1600,5689,16,31,7,1,0
2,20140406,1600,5685,22,26,1,3,0
2,20140406,1600,5686,20,18,3,0,0
2,20140406,1600,5688,10,32,1,0,0
1,20140412,1600,5662,21,28,0,2,0
1,20140412,1600,5663,5,23,2,2,0
1,20140412,1600,5664,27,15,1,0,0
1,20140412,1600,5665,24,1,1,4,0
1,20140412,1600,5666,12,4,1,4,0
1,20140412,1600,5667,17,19,2,0,0
1,20140412,1600,5681,7,0,3,1,0
2,20140412,1600,5702,14,25,4,1,0
2,20140412,1600,5703,2,6,3,1,0
2,20140413,1600,5697,31,20,1,2,0
2,20140413,1600,5698,26,18,0,1,0
2,20140413,1600,5699,22,9,1,1,0
2,20140413,1600,5700,30,10,3,1,0
2,20140413,1600,5701,32,16,2,1,0
1,20140419,1600,5775,1,17,1,0,0
1,20140419,1600,5776,15,24,2,3,0
1,20140419,1600,5777,19,5,3,5,0
1,20140419,1600,5778,23,7,1,1,0
1,20140419,1600,5779,0,21,2,1,0
1,20140419,1600,5780,28,12,5,1,0
1,20140419,1600,5781,4,27,1,0,0
2,20140420,1600,5789,6,14,1,0,0
2,20140420,1600,5790,25,22,6,0,0
2,20140420,1600,5791,10,2,3,0,0
2,20140420,1600,5792,9,26,1,1,0
2,20140420,1600,5793,20,32,2,2,0
2,20140420,1600,5794,16,30,3,3,0
2,20140420,1600,5795,18,31,2,3,0
1,20140927,1600,6212,23,24,0,0,0
1,20140927,1600,6213,2,17,2,6,0
1,20140927,1600,6214,27,5,1,1,0
1,20140927,1600,6215,0,15,1,8,0
2,20140927,1600,6239,21,31,1,2,0
2,20140927,1600,6240,33,9,0,3,0
2,20140927,1600,6241,28,34,0,0,0
2,20140927,1600,6242,14,20,6,2,0
1,20140928,1600,6211,1,7,2,1,0
1,20140928,1600,6216,16,30,0,1,0
1,20140928,1600,6217,19,4,1,1,0
2,20140928,1600,6243,6,18,2,2,0
2,20140928,1600,6244,8,25,1,2,0
2,20140928,1600,6245,12,32,2,0,0
1,20141005,1600,6218,15,4,3,2,0
1,20141005,1600,6219,30,2,0,0,0
1,20141005,1600,6220,7,23,1,2,0
1,20141005,1600,6221,1,19,2,1,0
2,20141005,1600,6247,32,28,0,0,0
2,20141005,1600,6248,25,12,4,1,0
2,20141005,1600,6249,18,8,4,0,0
1,20141006,1600,6222,5,0,2,1,0
1,20141006,1600,6223,17,27,2,0,0
1,20141006,1600,6224,24,16,0,0,0
2,20141006,1600,6246,34,20,2,0,0
2,20141006,1600,6250,9,6,2,0,0
2,20141006,1600,6251,31,33,3,1,0
2,20141006,1600,6252,21,14,0,2,0
1,20141011,1500,6225,2,24,1,2,0
1,20141011,1500,6226,27,30,1,0,0
2,20141011,1500,6253,20,32,4,0,0
2,20141011,1500,6254,6,31,1,2,0
2,20141011,1500,6255,28,25,1,1,0
2,20141011,1500,6256,14,34,2,0,0
1,20141012,1500,6228,4,5,0,1,0
1,20141012,1500,6229,23,1,0,0,0
1,20141012,1500,6230,16,7,2,3,0
1,20141012,1500,6231,19,15,1,3,0
2,20141012,1500,6257,33,21,0,4,0
2,20141012,1500,6258,8,9,1,0,0
2,20141012,1500,6259,12,18,0,1,0
1,20141014,1800,6227,0,17,1,3,0
1,20141018,1500,6232,5,15,2,1,0
1,20141018,1500,6233,7,2,4,0,0
1,20141018,1500,6234,1,16,4,2,0
1,20141018,1500,6235,23,19,2,0,0
2,20141018,1500,6261,18,28,0,2,0
2,20141018,1500,6262,21,6,4,1,0
2,20141018,1500,6263,33,14,1,3,0
1,20141019,1500,6236,17,4,1,0,0
1,20141019,1500,6237,30,0,5,0,0
1,20141019,1500,6238,24,27,0,0,0
2,20141019,1500,6260,32,34,0,1,0
2,20141019,1500,6264,25,20,2,1,0
2,20141019,1500,6265,9,12,6,1,0
2,20141019,1500,6266,31,8,1,2,0
1,20141025,1400,6380,4,30,2,2,0
1,20141025,1400,6381,2,1,2,5,0
1,20141025,1400,6382,0,24,1,1,0
1,20141025,1400,6383,19,5,0,4,0
2,20141025,1400,6422,20,18,0,2,0
2,20141025,1400,6423,34,25,0,0,0
2,20141025,1400,6424,6,33,3,0,0
2,20141025,1400,6425,8,21,1,1,0
1,20141026,1400,6384,15,17,1,3,0
1,20141026,1400,6385,16,23,0,3,0
1,20141026,1400,6386,27,7,1,1,0
2,20141026,1400,6426,12,31,1,2,0
2,20141026,1400,6427,28,9,0,2,0
2,20141026,1400,6428,14,32,1,0,0
1,20141101,1400,6394,17,5,3,1,0
1,20141101,1400,6395,30,15,0,2,0
1,20141101,1400,6397,16,19,2,2,0
1,20141101,1400,6400,23,2,3,1,0
2,20141101,1400,6436,25,32,9,1,0
2,20141101,1400,6437,31,28,4,0,0
2,20141101,1400,6438,21,12,3,1,0
2,20141101,1400,6439,6,14,1,2,0
1,20141102,1400,6396,7,0,1,1,0
1,20141102,1400,6398,24,4,1,0,0
1,20141102,1400,6399,1,27,1,0,0
2,20141102,1400,6440,18,34,2,0,0
2,20141102,1400,6441,9,20,3,1,0
2,20141102,1400,6442,33,8,1,1,0
1,20141108,1400,6408,4,7,4,2,0
1,20141108,1400,6409,5,30,0,6,0
1,20141108,1400,6410,27,23,2,1,0
1,20141108,1400,6411,0,1,0,6,0
2,20141108,1400,6450,34,9,1,0,0
2,20141108,1400,6451,32,18,1,2,0
1,20141109,1400,6412,15,24,0,1,0
1,20141109,1400,6413,2,16,2,2,0
1,20141109,1400,6414,19,17,0,4,0
2,20141109,1400,6452,20,31,3,1,0
2,20141109,1400,6453,8,6,3,6,0
2,20141109,1400,6454,12,33,0,0,0
2,20141109,1400,6455,28,21,0,1,0
2,20141109,1400,6456,14,25,2,1,0
1,20141115,1400,6506,30,17,0,1,0
1,20141115,1400,6507,24,5,2,0,0
1,20141115,1400,6508,7,15,3,4,0
1,20141115,1400,6509,16,27,1,3,0
2,20141115,1400,6548,9,32,3,2,0
2,20141115,1400,6549,31,34,2,1,0
2,20141115,1400,6550,21,20,0,1,0
2,20141115,1400,6551,8,14,1,1,0
1,20141116,1400,6510,1,4,0,1,0
1,20141116,1400,6511,23,0,0,2,0
1,20141116,1400,6512,2,19,1,1,0
2,20141116,1400,6552,18,25,1,5,0
2,20141116,1400,6553,33,28,1,4,0
2,20141116,1400,6554,6,12,2,1,0
1,20141122,1400,6520,15,1,1,2,0
1,20141122,1400,6521,5,7,4,1,0
1,20141122,1400,6522,0,16,5,1,0
1,20141122,1400,6523,19,30,1,2,0
2,20141122,1400,6562,32,31,2,1,0
2,20141122,1400,6563,25,9,0,0,0
2,20141122,1400,6564,12,8,1,0,0
2,20141122,1400,6565,28,6,1,2,0
1,20141123,1400,6524,4,23,1,1,0
1,20141123,1400,6525,17,24,1,1,0
1,20141123,1400,6526,27,2,3,0,0
2,20141123,1400,6566,20,33,3,1,0
2,20141123,1400,6567,34,21,0,0,0
2,20141123,1400,6568,14,18,0,0,0
1,20141129,1400,6534,24,30,0,0,0
1,20141129,1400,6535,7,17,1,3,0
1,20141129,1400,6536,16,4,2,7,0
1,20141129,1400,6537,27,19,1,1,0
2,20141129,1400,6576,9,18,1,0,0
2,20141129,1400,6577,21,32,4,1,0
2,20141129,1400,6578,33,34,0,4,0
2,20141129,1400,6579,6,20,0,2,0
2,20141129,1400,6580,12,14,0,2,0
1,20141130,1400,6538,1,5,1,0,0
1,20141130,1400,6539,23,15,3,2,0
1,20141130,1400,6540,2,0,2,0,0
2,20141130,1400,6581,31,25,1,0,0
2,20141130,1400,6582,8,28,0,7,0
1,20141206,1400,6632,4,2,6,0,0
1,20141206,1400,6633,5,23,4,2,0
1,20141206,1400,6634,17,1,1,0,0
1,20141206,1400,6635,19,24,4,0,0
2,20141206,1400,6674,20,8,0,2,0
2,20141206,1400,6675,34,6,0,1,0
2,20141206,1400,6676,32,33,2,1,0
2,20141206,1400,6677,25,21,2,1,0
1,20141207,1400,6636,15,16,5,0,0
1,20141207,1400,6637,30,7,3,2,0
1,20141207,1400,6638,0,27,1,1,0
2,20141207,1400,6678,18,31,1,1,0
2,20141207,1400,6679,28,12,4,0,0
2,20141207,1400,6680,14,9,4,0,0
1,20141213,1400,6647,1,30,4,1,0
1,20141213,1400,6648,2,15,0,5,0
1,20141213,1400,6649,27,4,1,1,0
1,20141213,1400,6650,23,17,0,2,0
2,20141213,1400,6688,31,9,4,1,0
2,20141213,1400,6689,21,18,1,2,0
2,20141213,1400,6690,33,25,0,3,0
2,20141213,1400,6691,28,14,3,3,0
1,20141214,1400,6646,7,24,1,0,0
1,20141214,1400,6651,16,5,0,2,0
1,20141214,1400,6652,0,19,0,3,0
2,20141214,1400,6692,6,32,4,0,0
2,20141214,1400,6693,8,34,1,0,0
2,20141214,1400,6694,12,20,0,0,0
1,20141220,1400,6660,15,27,2,1,0
1,20141220,1400,6661,17,16,8,1,0
1,20141220,1400,6662,30,23,0,2,0
1,20141220,1400,6663,19,7,2,1,0
2,20141220,1400,6702,32,8,0,2,0
2,20141220,1400,6703,25,6,1,2,0
2,20141220,1400,6704,9,21,1,3,0
1,20141221,1400,6664,4,0,4,0,0
1,20141221,1400,6665,2,5,0,2,0
1,20141221,1400,6666,24,1,1,0,0
2,20141221,1400,6705,14,31,6,1,0
2,20141221,1400,6706,20,28,0,2,0
2,20141221,1400,6707,34,12,2,0,0
2,20141221,1400,6708,18,33,2,0,0
1,20150124,1400,6774,15,0,3,3,0
1,20150124,1400,6775,17,2,13,0,0
1,20150124,1400,6776,4,19,2,3,0
1,20150124,1400,6777,24,23,0,0,0
2,20150124,1400,6816,20,14,0,0,0
2,20150124,1400,6817,31,21,3,0,0
2,20150124,1400,6818,25,8,1,1,0
2,20150124,1400,6819,9,33,2,1,0
1,20150125,1400,6778,30,16,2,0,0
1,20150125,1400,6779,7,1,0,0,0
1,20150125,1400,6780,5,27,2,2,0
2,20150125,1400,6820,18,6,2,4,0
2,20150125,1400,6821,32,12,3,0,0
2,20150125,1400,6822,34,28,0,0,0
1,20150131,1400,6788,23,7,1,0,0
1,20150131,1400,6789,0,5,1,0,0
1,20150131,1400,6790,19,1,1,0,0
2,20150131,1400,6830,6,9,0,0,0
2,20150131,1400,6831,8,18,0,2,0
2,20150131,1400,6832,28,32,2,0,0
2,20150131,1400,6833,33,31,0,0,0
1,20150201,1400,6791,27,17,0,1,0
1,20150201,1400,6792,16,24,2,3,0
1,20150201,1400,6793,2,30,0,2,0
1,20150201,1400,6794,4,15,3,0,1
2,20150201,1400,6834,12,25,1,0,0
2,20150201,1400,6835,14,21,3,0,0
2,20150201,1400,6836,20,34,8,0,0
1,20150207,1400,6802,24,2,1,0,0
1,20150207,1400,6803,5,4,3,2,0
1,20150207,1400,6804,15,19,0,1,0
1,20150207,1400,6805,1,23,1,1,0
2,20150207,1400,6844,18,12,3,0,0
2,20150207,1400,6845,32,20,0,0,0
2,20150207,1400,6846,9,8,2,1,0
1,20150208,1400,6806,7,16,3,0,1
1,20150208,1400,6807,17,0,6,0,0
1,20150208,1400,6808,30,27,1,1,0
2,20150208,1400,6847,34,14,0,1,0
2,20150208,1400,6848,31,6,3,2,0
2,20150208,1400,6849,25,28,2,3,0
2,20150208,1400,6850,21,33,3,0,0
1,20150214,1430,6900,4,17,2,0,0
1,20150214,1430,6901,2,7,0,3,0
1,20150214,1430,6902,27,24,1,1,0
1,20150214,1430,6903,0,30,4,1,0
2,20150214,1430,6956,6,21,0,0,0
2,20150214,1430,6957,34,32,2,0,0
2,20150214,1430,6958,14,33,5,0,0
1,20150215,1430,6904,15,5,2,1,0
1,20150215,1430,6905,16,1,1,7,0
1,20150215,1430,6906,19,23,2,1,0
2,20150215,1430,6959,20,25,3,4,0
2,20150215,1430,6960,12,9,2,0,0
2,20150215,1430,6961,28,18,5,1,0
2,20150215,1430,6962,8,31,0,2,0
1,20150221,1430,6914,5,19,4,3,0
1,20150221,1430,6915,7,27,3,2,0
1,20150221,1430,6916,1,2,5,0,0
1,20150221,1430,6917,24,0,2,0,0
1,20150221,1430,6919,17,15,3,1,0
2,20150221,1430,6972,9,28,0,0,0
2,20150221,1430,6973,33,6,0,5,0
2,20150221,1430,6975,31,12,3,2,0
2,20150221,1430,6976,32,14,1,3,0
1,20150222,1430,6918,30,4,0,0,0
1,20150222,1430,6920,23,16,4,0,0
2,20150222,1430,6970,25,34,2,1,0
2,20150222,1430,6971,18,20,2,0,0
2,20150222,1430,6974,21,8,1,1,0
1,20150228,1430,6928,19,16,7,1,0
1,20150228,1430,6929,5,17,1,1,0
1,20150228,1430,6931,2,23,0,4,0
1,20150228,1430,6932,0,7,1,1,0
2,20150228,1430,6984,12,21,2,1,0
2,20150228,1430,6985,20,9,5,1,0
2,20150228,1430,6987,8,33,8,0,0
1,20150301,1430,6930,15,30,1,0,0
1,20150301,1430,6933,4,24,2,2,0
1,20150301,1430,6934,27,1,2,4,0
2,20150301,1430,6986,28,31,1,1,0
2,20150301,1430,6988,32,25,2,0,0
2,20150301,1430,6989,14,6,3,1,0
2,20150301,1430,6990,34,18,1,0,0
1,20150307,1430,6942,7,4,2,0,0
1,20150307,1430,6943,23,27,1,0,0
1,20150307,1430,6944,1,0,1,0,0
2,20150307,1430,6998,9,34,3,1,0
2,20150307,1430,6999,31,20,2,2,0
2,20150307,1430,7000,18,32,1,0,0
2,20150307,1430,7001,33,12,0,3,0
1,20150308,1430,6945,17,19,1,5,0
1,20150308,1430,6946,24,15,1,2,0
1,20150308,1430,6947,16,2,4,0,0
1,20150308,1430,6948,30,5,1,2,0
2,20150308,1430,7002,6,8,2,5,0
2,20150308,1430,7003,21,28,2,2,0
2,20150308,1430,7004,25,14,0,2,0
1,20150314,1430,7076,5,24,2,0,0
1,20150314,1430,7077,19,2,2,1,0
1,20150314,1430,7078,4,1,3,4,0
1,20150314,1430,7079,0,23,0,1,0
2,20150314,1430,7104,20,21,0,3,0
2,20150314,1430,7105,32,9,0,5,0
2,20150314,1430,7106,25,18,0,0,0
1,20150315,1430,7080,15,7,1,2,0
1,20150315,1430,7081,27,16,6,3,0
1,20150315,1430,7082,17,30,4,0,0
2,20150315,1430,7107,34,31,1,1,0
2,20150315,1430,7108,12,6,2,0,0
2,20150315,1430,7109,14,8,3,0,0
2,20150315,1430,7110,28,33,9,0,0
1,20150321,1430,7090,1,15,3,1,0
1,20150321,1430,7091,2,27,0,2,0
1,20150321,1430,7092,30,19,3,0,0
1,20150321,1430,7093,24,17,0,2,0
2,20150321,1430,7118,31,32,4,2,0
2,20150321,1430,7119,6,28,0,5,0
2,20150321,1430,7120,9,25,1,0,0
1,20150322,1430,7094,23,4,4,1,0
1,20150322,1430,7095,16,0,0,3,0
1,20150322,1430,7096,7,5,2,0,0
2,20150322,1430,7121,21,34,1,0,0
2,20150322,1430,7122,33,20,1,3,0
2,20150322,1430,7123,8,12,3,2,0
2,20150322,1430,7124,18,14,0,3,0
1,20150404,1530,7164,17,7,3,0,0
1,20150404,1530,7165,4,16,9,0,0
1,20150404,1530,7166,30,24,4,1,0
1,20150404,1530,7167,5,1,0,0,0
1,20150404,1530,7168,15,23,0,1,0
1,20150404,1530,7169,19,27,3,3,0
1,20150405,1530,7170,0,2,4,0,0
2,20150405,1530,7178,20,6,2,1,0
2,20150405,1530,7179,32,21,0,4,0
2,20150405,1530,7180,14,12,2,0,0
2,20150405,1530,7181,18,9,1,5,0
2,20150405,1530,7182,28,8,0,0,0
2,20150405,1530,7183,25,31,0,0,0
2,20150405,1530,7184,34,33,6,0,0
1,20150411,1530,7206,16,15,1,4,0
1,20150411,1530,7207,7,30,1,0,0
1,20150411,1530,7208,1,17,1,4,0
1,20150411,1530,7209,24,19,0,0,0
1,20150411,1530,7210,2,4,0,3,0
1,20150411,1530,7211,27,0,1,0,0
1,20150411,1530,7212,23,5,3,0,0
2,20150411,1530,7223,12,28,2,2,0
2,20150412,1530,7220,6,34,2,0,0
2,20150412,1530,7221,33,32,8,6,0
2,20150412,1530,7222,8,20,1,1,0
2,20150412,1530,7224,31,18,3,1,0
2,20150412,1530,7225,21,25,1,0,0
2,20150412,1530,7226,9,14,0,0,0
1,20150417,1530,7250,15,2,7,0,0
1,20150417,1800,7251,17,23,4,1,0
1,20150418,1530,7252,24,7,1,0,0
1,20150418,1330,7253,5,16,8,2,0
1,20150418,1530,7254,19,0,2,1,0
1,20150418,1530,7255,30,1,1,2,0
1,20150418,1530,7256,4,27,3,3,0
2,20150418,1530,7264,18,21,3,1,0
2,20150418,1530,7265,32,6,2,6,0
2,20150418,1530,7266,14,28,1,1,0
2,20150418,1530,7267,20,12,3,0,0
2,20150418,1530,7268,9,31,0,0,0
2,20150418,1530,7269,34,8,0,0,0
2,20150418,1530,7270,25,33,9,1,0
1,20150424,1630,7292,23,30,1,1,0
1,20150424,1630,7293,27,15,2,1,0
1,20150424,1630,7294,7,19,3,0,0
1,20150424,1630,7295,0,4,3,0,0
1,20150424,1630,7296,5,2,4,0,0
1,20150424,1630,7297,1,24,3,1,0
1,20150424,1630,7298,16,17,1,6,0
2,20150424,1630,7312,31,14,1,1,0
2,20150425,1600,7306,12,34,1,1,0
2,20150425,1600,7307,28,20,2,2,0
2,20150425,1600,7308,8,32,6,0,0
2,20150425,1600,7309,21,9,1,1,0
2,20150425,1600,7310,33,18,5,5,0
2,20150425,1600,7311,6,25,1,1,0
1,20150926,1600,7900,19,17,2,1,0
1,20150926,1600,7901,4,15,1,0,0
1,20150926,1600,7902,24,5,2,2,0
1,20150926,1530,7903,1,7,1,0,0
2,20150926,1600,7956,20,26,1,0,0
2,20150926,1530,7957,12,25,2,2,0
2,20150926,1600,7958,34,2,2,1,0
2,20150926,1600,7959,6,18,2,0,0
1,20150927,1600,7904,14,23,1,2,0
1,20150927,1600,7905,30,9,0,0,0
1,20150927,1600,7912,35,31,5,1,0
2,20150927,1600,7960,21,16,3,0,0
2,20150927,1600,7961,36,8,2,1,0
2,20150927,1600,7962,28,37,0,1,0
1,20151003,1600,7915,7,14,4,1,0
1,20151003,1600,7916,17,4,3,1,0
1,20151003,1600,7917,19,35,1,4,0
2,20151003,1600,7970,18,37,0,2,0
2,20151003,1600,7971,25,34,0,0,0
2,20151003,1600,7972,26,12,1,1,0
2,20151003,1600,7976,20,28,3,2,0
1,20151004,1600,7914,23,30,1,1,0
1,20151004,1600,7918,9,31,3,1,0
1,20151004,1600,7919,5,1,5,0,0
1,20151004,1600,7920,15,24,1,0,0
2,20151004,1600,7973,8,6,1,2,0
2,20151004,1600,7974,16,36,3,2,0
2,20151004,1600,7975,2,21,0,0,0
1,20151010,1500,7929,24,17,0,3,0
1,20151010,1500,7930,14,5,1,1,0
1,20151010,1500,7931,35,9,1,1,0
1,20151010,1500,7934,30,7,1,3,0
2,20151010,1500,7984,34,26,1,0,0
2,20151010,1500,7985,21,25,2,2,0
2,20151010,1500,7986,36,2,5,0,0
2,20151010,1500,7987,28,18,2,0,0
1,20151011,1500,7928,31,23,4,1,0
1,20151011,1500,7932,4,19,1,1,0
1,20151011,1500,7933,1,15,0,0,0
2,20151011,1500,7988,37,8,3,0,0
2,20151011,1500,7989,12,20,3,2,0
2,20151011,1500,7990,6,16,2,1,0
1,20151017,1500,7942,23,9,1,3,0
1,20151017,1500,7943,5,30,3,0,0
1,20151017,1500,7944,15,14,2,0,0
1,20151017,1500,7945,17,1,1,0,0
2,20151017,1500,7998,8,18,3,2,0
2,20151017,1500,7999,25,36,0,3,0
2,20151017,1500,8000,26,21,0,1,0
2,20151017,1500,8001,20,34,2,1,0
1,20151018,1500,7946,7,31,3,0,0
1,20151018,1500,7947,19,24,2,3,0
1,20151018,1500,7948,4,35,2,2,0
2,20151018,1500,8002,16,37,1,10,0
2,20151018,1500,8003,2,6,2,1,0
2,20151018,1500,8004,12,28,4,3,0
1,20151024,1400,8069,31,5,3,2,0
1,20151024,1400,8070,24,4,0,0,0
1,20151024,1400,8071,1,19,3,0,0
1,20151024,1400,8072,14,17,2,2,0
2,20151024,1400,8125,18,16,6,1,0
2,20151024,1400,8126,34,12,1,2,0
2,20151024,1400,8127,36,26,1,1,0
2,20151024,1400,8128,28,8,2,2,0
1,20151025,1400,8073,9,7,2,0,0
1,20151025,1400,8074,30,15,1,2,0
1,20151025,1400,8075,35,23,3,0,0
2,20151025,1400,8129,37,2,2,0,0
2,20151025,1400,8130,21,20,4,1,0
2,20151025,1400,8131,6,25,2,1,0
1,20151031,1400,8083,7,23,2,0,0
1,20151031,1400,8084,5,9,1,1,0
1,20151031,1400,8085,15,31,3,1,0
1,20151031,1400,8086,24,35,3,3,0
2,20151031,1400,8139,16,8,0,3,0
2,20151031,1400,8140,2,18,0,3,0
2,20151031,1400,8141,25,37,0,0,0
2,20151031,1400,8142,12,21,3,1,0
1,20151101,1400,8087,17,30,0,2,0
1,20151101,1400,8088,19,14,3,0,0
1,20151101,1400,8089,4,1,1,0,0
2,20151101,1400,8143,26,6,0,1,0
2,20151101,1400,8144,20,36,0,2,0
2,20151101,1400,8145,34,28,0,2,0
1,20151107,1400,8097,23,5,0,3,0
1,20151107,1400,8098,1,24,5,1,0
1,20151107,1400,8099,14,4,1,1,0
1,20151107,1400,8100,30,19,2,1,0
2,20151107,1400,8153,18,25,2,1,0
2,20151107,1400,8154,8,2,2,1,0
2,20151107,1400,8155,36,12,3,3,0
2,20151107,1400,8156,6,20,2,3,0
2,20151107,1400,8157,28,16,6,0,0
1,20151108,1400,8101,31,17,0,3,0
1,20151108,1400,8102,9,15,4,1,0
1,20151108,1400,8103,35,7,1,4,0
2,20151108,1400,8158,37,26,0,1,0
2,20151108,1400,8159,21,34,1,4,0
1,20151114,1400,8111,15,23,5,1,0
1,20151114,1400,8112,17,9,2,2,0
1,20151114,1400,8113,19,31,1,2,0
1,20151114,1400,8114,4,30,1,2,0
2,20151114,1400,8167,25,8,3,2,0
2,20151114,1400,8168,20,37,0,1,0
2,20151114,1400,8169,21,28,0,1,0
1,20151115,1400,8115,5,7,2,0,0
1,20151115,1400,8116,24,14,0,3,0
1,20151115,1400,8117,1,35,0,4,0
2,20151115,1400,8170,2,16,1,2,0
2,20151115,1400,8171,26,18,1,2,0
2,20151115,1400,8172,12,6,6,0,0
2,20151115,1400,8173,34,36,3,1,0
1,20151121,1400,8238,31,4,0,0,0
1,20151121,1400,8239,7,15,3,1,0
1,20151121,1400,8240,14,1,1,1,0
1,20151121,1400,8241,35,5,4,0,0
2,20151121,1400,8308,8,26,1,4,0
2,20151121,1400,8309,16,25,2,1,0
2,20151121,1400,8310,6,34,1,3,0
2,20151121,1400,8311,28,2,1,0,0
1,20151122,1400,8242,9,19,2,2,0
1,20151122,1400,8243,23,17,1,0,0
1,20151122,1400,8244,30,24,3,1,0
2,20151122,1400,8312,37,12,2,1,0
2,20151122,1400,8313,18,20,1,3,0
2,20151122,1400,8314,36,21,0,0,0
1,20151128,1400,8252,17,7,2,0,0
1,20151128,1400,8253,19,23,2,1,0
1,20151128,1400,8254,4,9,1,4,0
1,20151128,1400,8255,14,35,1,1,0
2,20151128,1400,8322,25,2,2,1,0
2,20151128,1400,8323,34,37,1,1,0
2,20151128,1400,8324,21,6,1,2,0
2,20151128,1400,8325,36,28,0,1,0
1,20151129,1400,8256,15,5,2,2,0
1,20151129,1400,8257,24,31,2,2,0
1,20151129,1400,8258,1,30,1,1,0
2,20151129,1400,8326,26,16,2,0,0
2,20151129,1400,8327,20,8,2,1,0
2,20151129,1400,8328,12,18,3,1,0
1,20151205,1400,8267,9,24,4,0,0
1,20151205,1400,8268,30,14,1,0,0
1,20151205,1400,8269,35,15,0,0,0
1,20151205,1400,8271,7,19,2,1,0
2,20151205,1400,8336,37,21,3,0,0
2,20151205,1400,8337,8,12,2,3,0
2,20151205,1400,8338,16,20,1,4,0
